'b11','b12','b13','b21','b22','b23','object_val', 'exitflag', 'targetProb', 'targetRatio'
-3.4281,-2.9602,3.2762,3.8017,-0.63834,-0.15311,0.0063362,1,0.3,0.5
-0.91088,0.18132,2.1586,0.025006,1.9848,-1.935,2.5085e-09,1,0.3,1
-1.8841,-0.66425,0.83384,3.1421,2.8455,3.8489,0.0022559,1,0.3,1.5
-2.3476,3.9344,1.1604,1.3271,0.14224,0.6374,0.055309,1,0.5,0.5
0.41007,-1.4756,-0.52309,-0.32327,1.4235,-4.2078,4.9013e-07,1,0.5,1
2.5643,1.819,0.4877,-1.7477,2.1404,2.7297,0.067887,1,0.5,1.5
-1.9233,0.35861,-0.63331,-1.2253,-1.4539,0.34887,0.1099,1,0.7,0.5
-2.9625,2.7934,-1.9106,-2.6084,-1.5175,-2.6008,1.1953e-08,2,0.7,1
3.6241,4.6865,3.4583,4.9832,-1.0635,-2.7965,0.062285,1,0.7,1.5
